OneFormer_ade20k: 0.6800261322661753 
OneFormer_cityscapes: 0.6800261322661753 
OneFormer_coco: 0.6800261322661753 
DeeplabV3_apple: 0.2116957457479023 
DeeplabV3_google: 0.21452411793451145 
DeeplabV3_apple-xx: 0.20173364276688513 
BEiT: 0.614838926094935 
SegFormer_ade20k: 0.4850609160417872 
SegFormer_cityscapes: 0.6605553313558372 
MaskFormer_ade20k: 0.7340555314079777 
MaskFormer_coco: 0.7229078190293025 
Mask2Former: 0.5860984537545004 
ResNet_50: 0.24272032064056037 
ResNet_101: 0.27985083732390925 
